# Frequency(Hz) Omega_GW(Taiji) Omega_GW(TianQin)
1.000000000000000082e-05 1.888942473929079996e-06 4.326002700641811911e-07
1.011591112223829695e-05 1.824779202727030430e-06 4.231888023026316520e-07
1.023316578330244899e-05 1.762796043158108045e-06 4.139866734670361975e-07
1.035177955630176194e-05 1.702918913178969306e-06 4.049891721921914477e-07
1.047176819485520245e-05 1.645076248199036390e-06 3.961916937926328946e-07
1.059314763518370065e-05 1.589198915531590835e-06 3.875897378395814304e-07
1.071593399822671096e-05 1.535220131752028677e-06 3.791789057930154688e-07
1.084014359178330984e-05 1.483075382864470067e-06 3.709548986876066850e-07
1.096579291267809966e-05 1.432702347181327309e-06 3.629135148713012886e-07
1.109289864895222712e-05 1.384040820823590524e-06 3.550506477953361548e-07
1.122147768207980256e-05 1.337032645752816640e-06 3.473622838545346198e-07
1.135154708920999101e-05 1.291621640248747095e-06 3.398445002767205514e-07
1.148312414543511069e-05 1.247753531749486764e-06 3.324934630601487064e-07
1.161622632608501823e-05 1.205375891973922541e-06 3.253054249578417078e-07
1.175087130904807549e-05 1.164438074248843528e-06 3.182767235077809386e-07
1.188707697711903343e-05 1.124891152965851453e-06 3.114037791078991789e-07
1.202486142037412267e-05 1.086687865095649537e-06 3.046830931348532527e-07
1.216424293857367937e-05 1.049782553689840590e-06 2.981112461055895199e-07
1.230524004359261647e-05 1.014131113302657422e-06 2.916848958807153156e-07
1.244787146187906222e-05 9.796909372674067835e-07 2.854007759087376631e-07
1.259215613694150976e-05 9.464208667645745464e-07 2.792556935102293217e-07
1.273811323186478452e-05 9.142811416207318577e-07 2.732465282010151525e-07
1.288576213185518003e-05 8.832333527794110627e-07 2.673702300534956150e-07
1.303512244681508904e-05 8.532403963871313690e-07 2.616238180952344179e-07
1.318621401394748594e-05 8.242664294396995394e-07 2.560043787439615995e-07
1.333905690039058705e-05 7.962768269357530919e-07 2.505090642781671855e-07
1.349367140588306531e-05 7.692381404863293143e-07 2.451350913424713193e-07
1.365007806546013744e-05 7.431180583309823554e-07 2.398797394869823305e-07
1.380829765218092365e-05 7.178853667126501147e-07 2.347403497398659599e-07
1.396835117988739660e-05 6.935099125650937618e-07 2.297143232123732574e-07
1.413025990599533632e-05 6.699625674683080981e-07 2.247991197355856278e-07
1.429404533431761129e-05 6.472151928288183215e-07 2.199922565281563078e-07
1.445972921792019565e-05 6.252406062432290911e-07 2.152913068943423746e-07
1.462733356201129868e-05 6.040125490048198842e-07 2.106938989516387844e-07
1.479688062686396383e-05 5.835056547143502913e-07 2.061977143873384782e-07
1.496839293077255598e-05 5.636954189575411011e-07 2.018004872433635641e-07
1.514189325304351951e-05 5.445581700129849418e-07 1.975000027287203602e-07
1.531740463702079875e-05 5.260710405554793487e-07 1.932940960589528192e-07
1.549495039314631713e-05 5.082119403209392673e-07 1.891806513219777205e-07
1.567455410205594862e-05 4.909595297002298380e-07 1.851576003697027244e-07
1.585623961771137294e-05 4.742931942303349263e-07 1.812229217348383898e-07
1.604003107056819902e-05 4.581930199523826650e-07 1.773746395723343118e-07
1.622595287078087002e-05 4.426397696070624328e-07 1.736108226248746495e-07
1.641402971144466496e-05 4.276148596389748143e-07 1.699295832118892189e-07
1.660428657187529514e-05 4.131003379824332465e-07 1.663290762415432945e-07
1.679674872092653225e-05 3.990788626021518563e-07 1.628074982451819881e-07
1.699144172034626135e-05 3.855336807631740322e-07 1.593630864337220196e-07
1.718839142817145670e-05 3.724486090052581289e-07 1.559941177754869210e-07
1.738762400216250392e-05 3.598080137977774345e-07 1.526989080950009060e-07
1.758916590327732596e-05 3.475967928520155380e-07 1.494758111922628311e-07
1.779304389918577364e-05 3.358003570685121017e-07 1.463232179820353868e-07
1.799928506782476521e-05 3.244046130978806106e-07 1.432395556526932594e-07
1.820791680099462562e-05 3.133959464942485938e-07 1.402232868441848283e-07
1.841896680799710997e-05 3.027612054411857095e-07 1.372729088446736146e-07
1.863246311931559903e-05 2.924876850306615476e-07 1.343869528054342680e-07
1.884843409033795474e-05 2.825631120762393409e-07 1.315639829735862741e-07
1.906690840512252017e-05 2.729756304423561571e-07 1.288025959422616904e-07
1.928791508020777896e-05 2.637137868721439200e-07 1.261014199178082773e-07
1.951148346846616547e-05 2.547665172968577468e-07 1.234591140036424374e-07
1.973764326300255428e-05 2.461231336105379792e-07 1.208743675003701904e-07
1.996642450109793374e-05 2.377733108941017548e-07 1.183458992218104109e-07
2.019785756819878213e-05 2.297070750735893366e-07 1.158724568265533251e-07
2.043197320195270527e-05 2.219147909978085886e-07 1.134528161647053559e-07
2.066880249629082024e-05 2.143871509211330446e-07 1.110857806394722242e-07
2.090837690555749843e-05 2.071151633776765538e-07 1.087701805832439829e-07
2.115072824868794552e-05 2.000901424335500282e-07 1.065048726478505411e-07
2.139588871343421495e-05 1.933036973043521011e-07 1.042887392086676199e-07
2.164389086064020347e-05 1.867477223254798445e-07 1.021206877822561369e-07
2.189476762856620837e-05 1.804143872632696366e-07 9.999965045722701814e-08
2.214855233726359179e-05 1.742961279553905091e-07 9.792458333803347959e-08
2.240527869300018224e-05 1.683856372692940779e-07 9.589446600139188152e-08
2.266498079273692845e-05 1.626758563679199846e-07 9.390830096504910735e-08
2.292769312865648647e-05 1.571599662722093055e-07 9.196511316861132105e-08
2.319345059274427543e-05 1.518313797103443850e-07 9.006394946616240402e-08
2.346228848142262524e-05 1.466837332439689967e-07 8.820387813040295335e-08
2.373424250023866352e-05 1.417108796619761555e-07 8.638398836804775076e-08
2.400934876860651764e-05 1.369068806327728773e-07 8.460338984622580579e-08
2.428764382460450616e-05 1.322659996062364335e-07 8.286121222963262191e-08
2.456916462982790237e-05 1.277826949568776905e-07 8.115660472819062111e-08
2.485394857429798490e-05 1.234516133600150604e-07 7.948873565497769885e-08
2.514203348142796490e-05 1.192675833930394100e-07 7.785679199419151804e-08
2.543345761304648090e-05 1.152256093541234583e-07 7.625997897892072405e-08
2.572825967447932223e-05 1.113208652909828510e-07 7.469751967849951687e-08
2.602647881969004482e-05 1.075486892325542481e-07 7.316865459522936222e-08
2.632815465648020122e-05 1.039045776166926775e-07 7.167264127025288029e-08
2.663332725174980827e-05 1.003841799072270077e-07 7.020875389837250844e-08
2.694203713681882141e-05 9.698329339394039232e-08 6.877628295161144372e-08
2.725432531281027978e-05 9.369785816925762817e-08 6.737453481131644958e-08
2.757023325609582679e-05 9.052395227563535552e-08 6.600283140860965449e-08
2.788980292380439574e-05 8.745778701785379649e-08 6.466050987299856169e-08
2.821307675939470740e-05 8.449570243460722725e-08 6.334692218895959033e-08
2.854009769829237591e-05 8.163416292397845944e-08 6.206143486031303589e-08
2.887090917359234806e-05 7.886975301756882139e-08 6.080342858221288338e-08
2.920555512182745176e-05 7.619917329823254358e-08 5.957229792057825485e-08
2.954407998880379912e-05 7.361923645653368700e-08 5.836745099879676055e-08
2.988652873550382686e-05 7.112686348121341149e-08 5.718830919153556164e-08
3.023294684405776334e-05 6.871907997911286283e-08 5.603430682549716331e-08
3.058338032378431524e-05 6.639301262015193791e-08 5.490489088696311169e-08
3.093787571730136646e-05 6.414588570311495945e-08 5.379952073597090490e-08
3.129648010670750265e-05 6.197501783813799574e-08 5.271766782697328043e-08
3.165924111983520818e-05 5.987781874193138205e-08 5.165881543583254127e-08
3.202620693657650487e-05 5.785178614190700846e-08 5.062245839300608417e-08
3.239742629528195378e-05 5.589450278550948202e-08 4.960810282278217825e-08
3.277294849923382338e-05 5.400363355117539373e-08 4.861526588842853000e-08
3.315282342319423014e-05 5.217692265746858128e-08 4.764347554311944590e-08
3.353710152002928861e-05 5.041219096705344224e-08 4.669227028650989912e-08
3.392583382740992125e-05 4.870733338228478672e-08 4.576119892682835990e-08
3.431907197459042598e-05 4.706031632930025181e-08 4.484982034836321412e-08
3.471686818926559409e-05 4.546917532760784084e-08 4.395770328421938775e-08
3.511927530450727994e-05 4.393201264226335737e-08 4.308442609422651329e-08
3.552634676578139125e-05 4.244699501583127532e-08 4.222957654788051658e-08
3.593813663804625562e-05 4.101235147741740824e-08 4.139275161220507545e-08
3.635469961293317630e-05 3.962637122615465636e-08 4.057355724442044694e-08
3.677609101601030897e-05 3.828740158661180348e-08 3.977160818931103107e-08
3.720236681413065894e-05 3.699384603368089944e-08 3.898652778118464075e-08
3.763358362286532385e-05 3.574416228458231566e-08 3.821794775031870365e-08
3.806979871402284228e-05 3.453686045570698988e-08 3.746550803379253969e-08
3.851107002325568519e-05 3.337050128209212507e-08 3.672885659060488408e-08
3.895745615775500812e-05 3.224369439740211945e-08 3.600764922098007428e-08
3.940901640403447737e-05 3.115509667235864754e-08 3.530154938976729873e-08
3.986581073580438997e-05 3.010341060963334888e-08 3.461022805384029613e-08
4.032789982193704951e-05 2.908738279328510720e-08 3.393336349340629047e-08
4.079534503452448896e-05 2.810580239088745103e-08 3.327064114713543502e-08
4.126820845702951608e-05 2.715749970655628819e-08 3.262175345102425561e-08
4.174655289253134888e-05 2.624134478314797900e-08 3.198639968090783374e-08
4.223044187206672164e-05 2.535624605195672094e-08 3.136428579853820369e-08
4.271993966306776293e-05 2.450114902829734253e-08 3.075512430114773430e-08
4.321511127789762110e-05 2.367503505141415525e-08 3.015863407441854927e-08
4.371602248248502334e-05 2.287692006720944182e-08 2.957454024878041316e-08
4.422273980505896747e-05 2.210585345233656684e-08 2.900257405896160767e-08
4.473533054498463085e-05 2.136091687825218438e-08 2.844247270671906998e-08
4.525386278170166862e-05 2.064122321386933172e-08 2.789397922667506084e-08
4.577840538376616169e-05 1.994591546550012631e-08 2.735684235519069724e-08
4.630902801799736631e-05 1.927416575282015332e-08 2.683081640220634700e-08
4.684580115873045137e-05 1.862517431963146490e-08 2.631566112598256529e-08
4.738879609717651056e-05 1.799816857824066416e-08 2.581114161067473680e-08
4.793808495089106934e-05 1.739240218631049867e-08 2.531702814667788966e-08
4.849374067335233355e-05 1.680715415508086250e-08 2.483309611367826253e-08
4.905583706365045348e-05 1.624172798789386773e-08 2.435912586635047007e-08
4.962444877628913165e-05 1.569545084799242095e-08 2.389490262263995184e-08
5.019965133110079395e-05 1.516767275459829170e-08 2.344021635457233887e-08
5.078152112327670659e-05 1.465776580630804072e-08 2.299486168153196432e-08
5.137013543351338728e-05 1.416512343087893623e-08 2.255863776595407388e-08
5.196557243827657098e-05 1.368915966050783724e-08 2.213134821137507339e-08
5.256791122018419400e-05 1.322930843173677067e-08 2.171280096278817176e-08
5.317723177850966352e-05 1.278502290914854381e-08 2.130280820925173786e-08
5.379361503980697789e-05 1.235577483204356008e-08 2.090118628869888759e-08
5.441714286865887681e-05 1.194105388331729551e-08 2.050775559489903417e-08
5.504789807854967469e-05 1.154036707978377597e-08 2.012234048652208533e-08
5.568596444286408510e-05 1.115323818321634540e-08 1.974476919825762180e-08
5.633142670601352036e-05 1.077920713140171822e-08 1.937487375394272834e-08
5.698437059469136365e-05 1.041782948852725269e-08 1.901248988165249619e-08
5.764488282925873171e-05 1.006867591424433796e-08 1.865745693070892933e-08
5.831305113526218489e-05 9.731331650773424055e-09 1.830961779056464566e-08
5.898896425508493637e-05 9.405396027437522369e-09 1.796881881151892887e-08
5.967271195973310562e-05 9.090481982031829334e-09 1.763490972722433186e-08
6.036438506075863543e-05 8.786215598457557269e-09 1.730774357894355125e-08
6.106407542232036346e-05 8.492235660067078280e-09 1.698717664151657070e-08
6.177187597338488134e-05 8.208193218186661109e-09 1.667306835099944355e-08
6.248788072006888211e-05 7.933751175300868533e-09 1.636528123393668433e-08
6.321218475812448011e-05 7.668583882400515277e-09 1.606368083823050941e-08
6.394488428556936667e-05 7.412376750012842596e-09 1.576813566557021626e-08
6.468607661546321112e-05 7.164825872448948819e-09 1.547851710538681100e-08
6.543586018883228584e-05 6.925637664819336643e-09 1.519469937029803684e-08
6.619433458774387382e-05 6.694528512383687014e-09 1.491655943300993507e-08
6.696160054853215278e-05 6.471224431815781799e-09 1.464397696464231981e-08
6.773775997517745325e-05 6.255460743978584285e-09 1.437683427444530591e-08
6.852291595284057120e-05 6.046981757818400595e-09 1.411501625087587215e-08
6.931717276155400522e-05 5.845540465000276653e-09 1.385841030400327211e-08
7.012063589007177199e-05 5.650898244919624035e-09 1.360690630921342280e-08
7.093341204987990039e-05 5.462824579737428568e-09 1.336039655218261700e-08
7.175560918936921718e-05 5.281096779098504674e-09 1.311877567509195842e-08
7.258733650817245705e-05 5.105499714203690048e-09 1.288194062405426504e-08
7.342870447166758088e-05 4.935825560918126614e-09 1.264979059772608070e-08
7.427982482564910469e-05 4.771873551608587406e-09 1.242222699707784872e-08
7.514081061116962114e-05 4.613449735413241428e-09 1.219915337629609053e-08
7.601177617955322144e-05 4.460366746657230974e-09 1.198047539479181253e-08
7.689283720758305352e-05 4.312443581137346328e-09 1.176610077029020355e-08
7.778411071286481921e-05 4.169505380008342223e-09 1.155593923297709022e-08
7.868571506936843291e-05 4.031383221012597348e-09 1.134990248067811744e-08
7.959777002314977982e-05 3.897913916803584610e-09 1.114790413504750442e-08
8.052039670825470135e-05 3.768939820122074528e-09 1.094985969874310441e-08
8.145371766280736284e-05 3.644308635592233216e-09 1.075568651356590910e-08
8.239785684528511741e-05 3.523873237912640031e-09 1.056530371954173649e-08
8.335293965098187206e-05 3.407491496224941089e-09 1.037863221492407703e-08
8.431909292866250367e-05 3.295026104450194412e-09 1.019559461709695365e-08
8.529644499741016815e-05 3.186344417390120080e-09 1.001611522435775802e-08
8.628512566366887437e-05 3.081318292397367833e-09 9.840119978559772309e-09
8.728526623848370818e-05 2.979823936425564316e-09 9.667536428595217275e-09
8.829699955494083421e-05 2.881741758276300774e-09 9.498293694699586514e-09
8.932045998580959297e-05 2.786956225866492057e-09 9.332322433558805782e-09
9.035578346138920045e-05 2.695355728345509621e-09 9.169554804201016157e-09
9.140310748756223216e-05 2.606832442897254167e-09 9.009924434655140392e-09
9.246257116405733111e-05 2.521282206068032863e-09 8.853366389359068460e-09
9.353431520292376886e-05 2.438604389466369397e-09 8.699817137300200694e-09
9.461848194721991974e-05 2.358701779686260114e-09 8.549214520872142391e-09
9.571521538991856182e-05 2.281480462310300816e-09 8.401497725431017854e-09
9.682466119303114621e-05 2.206849709854098818e-09 8.256607249535799930e-09
9.794696670695385331e-05 2.134721873518000493e-09 8.114484875857051124e-09
9.908228099003787580e-05 2.065012278616768220e-09 7.975073642739008347e-09
1.002307548283865436e-04 1.997639123562250360e-09 7.838317816400224627e-09
1.013925407558815276e-04 1.932523382278308135e-09 7.704162863758414558e-09
1.025677930744421868e-04 1.869588709931303266e-09 7.572555425865148561e-09
1.037566678745185890e-04 1.808761351863594579e-09 7.443443291936840992e-09
1.049593230558227707e-04 1.749970055621108253e-09 7.316775373968507650e-09
1.061759183483000125e-04 1.693145985969904312e-09 7.192501681917014817e-09
1.074066153333433420e-04 1.638222642800119003e-09 7.070573299441046488e-09
1.086515774652538379e-04 1.585135781819220789e-09 6.950942360185082650e-09
1.099109700929497193e-04 1.533823337939769138e-09 6.833562024595323340e-09
1.111849604819271041e-04 1.484225351270115067e-09 6.718386457255261645e-09
1.124737178364751899e-04 1.436283895619612261e-09 6.605370804729335005e-09
1.137774133221491354e-04 1.389943009432875282e-09 6.494471173903157860e-09
1.150962200885032326e-04 1.345148629070566577e-09 6.385644610809027252e-09
1.164303132920876748e-04 1.301848524356953258e-09 6.278849079925857859e-09
1.177798701197119304e-04 1.259992236317231191e-09 6.174043443942713720e-09
1.191450698119775949e-04 1.219531017030201179e-09 6.071187443975600187e-09
1.205260936870842587e-04 1.180417771524400745e-09 5.970241680227088676e-09
1.219231251649110739e-04 1.142607001648287364e-09 5.871167593079002731e-09
1.233363497913775981e-04 1.106054751847369744e-09 5.773927444608161471e-09
1.247659552630869643e-04 1.070718556783496810e-09 5.678484300515850659e-09
1.262121314522547384e-04 1.036557390733714519e-09 5.584802012461438503e-09
1.276750704319265669e-04 1.003531618708214502e-09 5.492845200791262187e-09
1.291549665014884106e-04 9.716029492289644210e-10 5.402579237653653075e-09
1.306520162124721288e-04 9.407343887125895680e-10 5.313970230491535943e-09
1.321664183946605190e-04 9.108901974029955429e-10 5.226985005903968968e-09
1.336983741824946607e-04 8.820358468010712040e-10 5.141591093868398975e-09
1.352480870417875451e-04 8.541379785406042181e-10 5.057756712315432951e-09
1.368157627967471913e-04 8.271643646612704400e-10 4.975450752048163354e-09
1.384016096573131502e-04 8.010838692312139564e-10 4.894642761998328831e-09
1.400058382468097589e-04 7.758664112733810286e-10 4.815302934811675431e-09
1.416286616299198848e-04 7.514829289512911111e-10 4.737402092755105978e-09
1.432702953409830901e-04 7.279053449714500337e-10 4.660911673938340053e-09
1.449309574126216591e-04 7.051065331610815762e-10 4.585803718843060167e-09
1.466108684046984459e-04 6.830602861812259550e-10 4.512050857152502345e-09
1.483102514336104446e-04 6.617412843366346166e-10 4.439626294874841410e-09
1.500293322019218239e-04 6.411250654451877540e-10 4.368503801753641026e-09
1.517683390283405451e-04 6.211879957308455705e-10 4.298657698958995073e-09
1.535275028780422768e-04 6.019072417053446592e-10 4.230062847052963771e-09
1.553070573933459984e-04 5.832607430050453169e-10 4.162694634223147014e-09
1.571072389247450316e-04 5.652271861504797021e-10 4.096528964778371388e-09
1.589282865622978103e-04 5.477859791972490379e-10 4.031542247900575706e-09
1.607704421673823735e-04 5.309172272479805750e-10 3.967711386647124645e-09
1.626339504048192157e-04 5.146017087960888992e-10 3.905013767197920695e-09
1.645190587753662351e-04 4.988208528730780634e-10 3.843427248341746668e-09
1.664260176485903616e-04 4.835567169720889294e-10 3.782930151196585341e-09
1.683550802961202269e-04 4.687919657213052756e-10 3.723501249158489517e-09
1.703065029252844313e-04 4.545098502817499370e-10 3.665119758073979863e-09
1.722805447131393918e-04 4.406941884448555294e-10 3.607765326630878809e-09
1.742774678408919205e-04 4.273293454060331220e-10 3.551418026962693125e-09
1.762975375287205730e-04 4.144002151912686239e-10 3.496058345461719388e-09
1.783410220710008080e-04 4.018922027145654126e-10 3.441667173796211598e-09
1.804081928719382670e-04 3.897912064447938761e-10 3.388225800126990317e-09
1.824993244816152445e-04 3.780836016612400706e-10 3.335715900519000074e-09
1.846146946324547647e-04 3.667562242778623496e-10 3.284119530543500472e-09
1.867545842761076063e-04 3.557963552169212893e-10 3.233419117066514382e-09
1.889192776207666380e-04 3.451917053133243526e-10 3.183597450219396900e-09
1.911090621689137778e-04 3.349304007316539425e-10 3.134637675547455350e-09
1.933242287555045097e-04 3.250009688784557861e-10 3.086523286332562594e-09
1.955650715865949168e-04 3.153923247929661023e-10 3.039238116085887884e-09
1.978318882784164360e-04 3.060937580000194753e-10 2.992766331206929910e-09
2.001249798969037010e-04 2.970949198094328397e-10 2.947092423805101987e-09
2.024446509976803791e-04 2.883858110467043921e-10 2.902201204680230234e-09
2.047912096665085318e-04 2.799567702003624458e-10 2.858077796458374344e-09
2.071649675602068924e-04 2.717984619718195965e-10 2.814707626879540220e-09
2.095662399480432926e-04 2.639018662140489253e-10 2.772076422233792954e-09
2.119953457536070929e-04 2.562582672458776957e-10 2.730170200942528420e-09
2.144526075971667385e-04 2.488592435291349945e-10 2.688975267281568292e-09
2.169383518385184322e-04 2.416966576963253754e-10 2.648478205242961666e-09
2.194529086203313715e-04 2.347626469169228990e-10 2.608665872532346708e-09
2.219966119119954869e-04 2.280496135907770785e-10 2.569525394698835717e-09
2.245697995539773994e-04 2.215502163575194762e-10 2.531044159394451577e-09
2.271728133026905069e-04 2.152573614112411748e-10 2.493209810760252703e-09
2.298059988758851082e-04 2.091641941100572164e-10 2.456010243936233155e-09
2.324697059985647986e-04 2.032640908705546035e-10 2.419433599692284365e-09
2.351642884494348565e-04 1.975506513374354578e-10 2.383468259177493728e-09
2.378901041078893431e-04 1.920176908190110641e-10 2.348102838785114068e-09
2.406475150015424170e-04 1.866592329795140658e-10 2.313326185130618205e-09
2.434368873543110473e-04 1.814695027795043823e-10 2.279127370140333090e-09
2.462585916350546540e-04 1.764429196559417650e-10 2.245495686248137645e-09
2.491130026067788590e-04 1.715740909337815794e-10 2.212420641697838308e-09
2.520004993764092018e-04 1.668578054612305060e-10 2.179891955948836681e-09
2.549214654451423018e-04 1.622890274610631612e-10 2.147899555182802551e-09
2.578762887593801043e-04 1.578628905906613050e-10 2.116433567909063478e-09
2.608653617622547997e-04 1.535746922036832869e-10 2.085484320666530486e-09
2.638890814457510296e-04 1.494198878065172067e-10 2.055042333819983976e-09
2.669478494034321025e-04 1.453940857028989753e-10 2.025098317448625020e-09
2.700420718837772652e-04 1.414930418203045300e-10 1.995643167324816633e-09
2.731721598441376204e-04 1.377126547119420513e-10 1.966667960981009947e-09
2.763385290053169780e-04 1.340489607283772092e-10 1.938163953862887421e-09
2.795415999067856643e-04 1.304981293530328927e-10 1.910122575566781271e-09
2.827817979625341181e-04 1.270564586959937830e-10 1.882535426159515503e-09
2.860595535175741895e-04 1.237203711407410343e-10 1.855394272578796913e-09
2.893753019050950264e-04 1.204864091386199905e-10 1.828691045112385537e-09
2.927294835042816242e-04 1.173512311460262587e-10 1.802417833954278103e-09
2.961225437988034676e-04 1.143116076994602111e-10 1.776566885836186001e-09
2.995549334359813402e-04 1.113644176237668712e-10 1.751130600732612068e-09
3.030271082866396216e-04 1.085066443690403845e-10 1.726101528637934063e-09
3.065395295056526901e-04 1.057353724718195227e-10 1.701472366413830759e-09
3.100926635931926419e-04 1.030477841363553692e-10 1.677235954705523664e-09
3.136869824566876504e-04 1.004411559318724090e-10 1.653385274925290658e-09
3.173229634734976343e-04 9.791285560188243847e-11 1.629913446301746281e-09
3.210010895543171532e-04 9.546033898174732372e-11 1.606813722993439234e-09
3.247218492073128513e-04 9.308114702081371219e-11 1.584079491265313550e-09
3.284857366030043374e-04 9.077290290556717668e-11 1.561704266726660501e-09
3.322932516398971773e-04 8.853330928037733487e-11 1.539681691629186689e-09
3.361449000108765071e-04 8.636014556251736351e-11 1.518005532223828915e-09
3.400411932703705929e-04 8.425126534825779129e-11 1.496669676175073404e-09
3.439826489022924688e-04 8.220459390694154807e-11 1.475668130031438112e-09
3.479697903887691386e-04 8.021812576005253290e-11 1.454995016750914362e-09
3.520031472796678832e-04 7.828992234239062078e-11 1.434644573280113591e-09
3.560832552629278054e-04 7.641810974256664691e-11 1.414611148185964062e-09
3.602106562357070192e-04 7.460087652012256900e-11 1.394889199338756866e-09
3.643858983763544296e-04 7.283647159667573828e-11 1.375473291645415041e-09
3.686095362172158059e-04 7.112320221857303785e-11 1.356358094831885623e-09
3.728821307182833642e-04 6.945943198862766907e-11 1.337538381273532995e-09
3.772042493416997554e-04 6.784357896459255955e-11 1.319009023872510305e-09
3.815764661271248614e-04 6.627411382210393082e-11 1.300764993981022243e-09
3.859993617679767291e-04 6.474955807990767582e-11 1.282801359369513233e-09
3.904735236885560211e-04 6.326848238525223038e-11 1.265113282238735500e-09
3.949995461220642823e-04 6.182950485740658632e-11 1.247696017274763512e-09
3.995780301895269734e-04 6.043128948732926312e-11 1.230544909745987853e-09
4.042095839796310290e-04 5.907254459158286663e-11 1.213655393641162682e-09
4.088948226294864268e-04 5.775202131865189012e-11 1.197022989847598538e-09
4.136343684063277602e-04 5.646851220588529366e-11 1.180643304368611702e-09
4.184288507901584705e-04 5.522084978534567837e-11 1.164512026579369411e-09
4.232789065573553029e-04 5.400790523690434829e-11 1.148624927520272738e-09
4.281851798652415507e-04 5.282858708697919035e-11 1.132977858227059881e-09
4.331483223376403108e-04 5.168183995136573356e-11 1.117566748096808057e-09
4.381689931514194582e-04 5.056664332066514041e-11 1.102387603289052732e-09
4.432478591240400501e-04 4.948201038686328351e-11 1.087436505161235040e-09
4.483855948021190545e-04 4.842698690966462000e-11 1.072709608737743716e-09
4.535828825510190908e-04 4.740065012123110547e-11 1.058203141211785532e-09
4.588404126454761296e-04 4.640210766802391934e-11 1.043913400479385715e-09
4.641588833612782196e-04 4.543049658848775340e-11 1.029836753704786072e-09
4.695390010680062978e-04 4.448498232536250289e-11 1.015969635916572869e-09
4.749814803228504748e-04 4.356475777144698157e-11 1.002308548633846676e-09
4.804870439655133953e-04 4.266904234767978206e-11 9.888500585217734560e-10
4.860564232142139006e-04 4.179708111244085345e-11 9.755907960758779064e-10
4.916903577628031373e-04 4.094814390101492100e-11 9.625274543344437787e-10
4.973895958790067184e-04 4.012152449419298273e-11 9.496567876183993407e-10
5.031548945038056761e-04 3.931653981502442305e-11 9.369756102981002707e-10
5.089870193519685114e-04 3.853252915276409784e-11 9.244807955863999390e-10
5.148867450137497919e-04 3.776885341309263383e-11 9.121692743574543110e-10
5.208548550577665184e-04 3.702489439371839678e-11 9.000380339906690056e-10
5.268921421350676549e-04 3.630005408450139045e-11 8.880841172392728647e-10
5.329994080844092930e-04 3.559375399126615429e-11 8.763046211229458314e-10
5.391774640387505179e-04 3.490543448250221230e-11 8.646966958440040013e-10
5.454271305329836403e-04 3.423455415817454913e-11 8.532575437266043865e-10
5.517492376129128854e-04 3.358058923989560549e-11 8.419844181784788748e-10
5.581446249454966122e-04 3.294303298173468012e-11 8.308746226747082084e-10
5.646141419303672649e-04 3.232139510096467878e-11 8.199255097630473269e-10
5.711586478126434762e-04 3.171520122807131465e-11 8.091344800903355446e-10
5.777790117970506940e-04 3.112399237537149447e-11 7.984989814495365079e-10
5.844761131633637767e-04 3.054732442361110202e-11 7.880165078469551564e-10
5.912508413831881436e-04 2.998476762593197842e-11 7.776845985891888351e-10
5.981040962380944435e-04 2.943590612862123366e-11 7.675008373894009321e-10
6.050367879391224625e-04 2.890033750807326278e-11 7.574628514924750174e-10
6.120498372476703168e-04 2.837767232341629437e-11 7.475683108186554340e-10
6.191441755977847598e-04 2.786753368427278696e-11 7.378149271252707816e-10
6.263207452198691922e-04 2.736955683314139607e-11 7.282004531861482077e-10
6.335804992658254208e-04 2.688338874190587766e-11 7.187226819883295264e-10
6.409244019356456464e-04 2.640868772199267192e-11 7.093794459457348198e-10
6.483534286054726779e-04 2.594512304771553936e-11 7.001686161293797848e-10
6.558685659571435525e-04 2.549237459236115646e-11 6.910881015138137814e-10
6.634708121092351002e-04 2.505013247658496189e-11 6.821358482394210340e-10
6.711611767496286933e-04 2.461809672870088402e-11 6.733098388902364318e-10
6.789406812696112013e-04 2.419597695646294662e-11 6.646080917869561210e-10
6.868103588995306923e-04 2.378349202995080160e-11 6.560286602948096362e-10
6.947712548460240100e-04 2.338036977518345834e-11 6.475696321459700427e-10
7.028244264308353096e-04 2.298634667809958287e-11 6.392291287762052323e-10
7.109709432312438749e-04 2.260116759855383317e-11 6.310053046754493258e-10
7.192118872221193223e-04 2.222458549399160171e-11 6.228963467520104577e-10
7.275483529196232748e-04 2.185636115247543879e-11 6.149004737101161244e-10
7.359814475265771296e-04 2.149626293474798142e-11 6.070159354405199212e-10
7.445122910795143496e-04 2.114406652502638739e-11 5.992410124238777765e-10
7.531420165974375561e-04 2.079955469023472256e-11 5.915740151466464596e-10
7.618717702322999347e-04 2.046251704738952487e-11 5.840132835292144360e-10
7.707027114212303652e-04 2.013274983886427662e-11 5.765571863660197064e-10
7.796360130405237399e-04 1.981005571526788371e-11 5.692041207774051321e-10
7.886728615614155540e-04 1.949424352568098771e-11 5.619525116729520288e-10
7.978144572076628855e-04 1.918512811500284536e-11 5.548008112260605216e-10
8.070620141149507367e-04 1.888253012817000126e-11 5.477474983595394674e-10
8.164167604921471590e-04 1.858627582101617726e-11 5.407910782419692667e-10
8.258799387844272151e-04 1.829619687755063095e-11 5.339300817946239466e-10
8.354528058382871408e-04 1.801213023343988418e-11 5.271630652087208010e-10
8.451366330684721229e-04 1.773391790548515059e-11 5.204886094727920320e-10
8.549327066268385105e-04 1.746140682689485167e-11 5.139053199099637414e-10
8.648423275731726865e-04 1.719444868815865766e-11 5.074118257249417827e-10
8.748668120479914266e-04 1.693289978333585219e-11 5.010067795605001605e-10
8.850074914473439122e-04 1.667662086157760453e-11 4.946888570632786246e-10
8.952657125996401179e-04 1.642547698370875365e-11 4.884567564587032382e-10
9.056428379445294243e-04 1.617933738370076602e-11 4.823091981348360512e-10
9.161402457138521178e-04 1.593807533487324557e-11 4.762449242349790325e-10
9.267593301146882789e-04 1.570156802066736788e-11 4.702626982588529701e-10
9.375015015145289968e-04 1.546969640983942825e-11 4.643613046721771144e-10
9.483681866285927856e-04 1.524234513592856120e-11 4.585395485244829387e-10
9.593608287093146345e-04 1.501940238085737109e-11 4.527962550749962198e-10
9.704808877380306743e-04 1.480075976252927312e-11 4.471302694264289813e-10
9.817298406188841586e-04 1.458631222629114608e-11 4.415404561665204135e-10
9.931091813749799713e-04 1.437595794013427590e-11 4.360256990171784969e-10
1.004620421346813248e-03 1.416959819351130800e-11 4.305849004910729208e-10
1.016265089392995096e-03 1.396713729965105403e-11 4.252169815555303522e-10
1.028044732093309679e-03 1.376848250125695844e-11 4.199208813035967596e-10
1.039960913954120214e-03 1.357354387947957011e-11 4.146955566321202767e-10
1.052015217616159145e-03 1.338223426605681691e-11 4.095399819267318224e-10
1.064209244064724582e-03 1.319446915851960158e-11 4.044531487535821832e-10
1.076544612842315982e-03 1.301016663836439583e-11 3.994340655577115335e-10
1.089022962263730540e-03 1.282924729209739365e-11 3.944817573679338823e-10
1.101645949633656921e-03 1.265163413505862474e-11 3.895952655081022353e-10
1.114415251466788041e-03 1.247725253793755696e-11 3.847736473146493703e-10
1.127332563710487130e-03 1.230603015589506410e-11 3.800159758602865581e-10
1.140399601970033122e-03 1.213789686020943350e-11 3.753213396837432357e-10
1.153618101736478534e-03 1.197278467236743719e-11 3.706888425254494028e-10
1.166989818617147380e-03 1.181062770052414293e-11 3.661176030690454029e-10
1.180516528568805639e-03 1.165136207825818863e-11 3.616067546886274263e-10
1.194200028133532475e-03 1.149492590555159585e-11 3.571554452016218734e-10
1.208042134677328851e-03 1.134125919192635980e-11 3.527628366271979516e-10
1.222044686631488684e-03 1.119030380167214708e-11 3.484281049501201210e-10
1.236209543736769200e-03 1.104200340110218378e-11 3.441504398899555529e-10
1.250538587290391272e-03 1.089630340777676869e-11 3.399290446755466448e-10
1.265033720395903781e-03 1.075315094163611815e-11 3.357631358246615820e-10
1.279696868215941504e-03 1.061249477798679660e-11 3.316519429287494831e-10
1.294529978227915981e-03 1.047428530228758485e-11 3.275947084427083112e-10
1.309535020482667771e-03 1.033847446668364631e-11 3.235906874796014451e-10
1.324713987866117399e-03 1.020501574823913083e-11 3.196391476102417430e-10
1.340068896363950761e-03 1.007386410882091349e-11 3.157393686675748567e-10
1.355601785329368925e-03 9.944975956587845712e-12 3.118906425557939149e-10
1.371314717753945684e-03 9.818309109042015764e-12 3.080922730641164555e-10
1.387209780541621062e-03 9.693822757600199242e-12 3.043435756851663756e-10
1.403289084785873256e-03 9.571477433645676872e-12 3.006438774378937942e-10
1.419554766050101563e-03 9.451234976022183546e-12 2.969925166949789060e-10
1.436008984651260603e-03 9.333058499933739682e-12 2.933888430146659561e-10
1.452653925946781202e-03 9.216912367215489195e-12 2.898322169769676754e-10
1.469491800624817164e-03 9.102762157942571589e-12 2.863220100241977827e-10
1.486524844997857194e-03 8.990574643345616303e-12 2.828576043057786671e-10
1.503755321299738400e-03 8.880317760002911156e-12 2.794383925272811333e-10
1.521185517986104949e-03 8.771960585280886514e-12 2.760637778036524717e-10
1.538817750038346368e-03 8.665473313996299980e-12 2.727331735165937193e-10
1.556654359271062099e-03 8.560827236274533948e-12 2.694460031760468178e-10
1.574697714643086797e-03 8.457994716580386122e-12 2.662017002857610146e-10
1.592950212572122977e-03 8.356949173898641102e-12 2.629997082128964721e-10
1.611414277253019837e-03 8.257665063043686944e-12 2.598394800616470971e-10
1.630092360979741193e-03 8.160117857078262999e-12 2.567204785508456757e-10
1.648986944471065013e-03 8.064284030823281584e-12 2.536421758955318240e-10
1.668100537200059227e-03 7.970141045441599904e-12 2.506040536924562840e-10
1.687435677727375672e-03 7.877667334080268108e-12 2.476056028095063149e-10
1.706994934038407906e-03 7.786842288556931316e-12 2.446463232790305161e-10
1.726780903884356060e-03 7.697646247077357515e-12 2.417257241950531583e-10
1.746796215127245774e-03 7.610060482972501100e-12 2.388433236143604938e-10
1.767043526088946754e-03 7.524067194444584594e-12 2.359986484614567740e-10
1.787525525904235402e-03 7.439649495313193260e-12 2.331912344373773061e-10
1.808244934877951829e-03 7.356791406753374140e-12 2.304206259323577743e-10
1.829204504846293749e-03 7.275477850019322407e-12 2.276863759423598249e-10
1.850407019542302115e-03 7.195694640148203241e-12 2.249880459894513660e-10
1.871855294965579265e-03 7.117428480640090439e-12 2.223252060460495143e-10
1.893552179756295304e-03 7.040666959111288207e-12 2.196974344630327849e-10
1.915500555573527823e-03 6.965398543919411632e-12 2.171043179017302227e-10
1.937703337477988952e-03 6.891612581760096627e-12 2.145454512698070477e-10
1.960163474319185500e-03 6.819299296236303003e-12 2.120204376610564263e-10
1.982883949127071596e-03 6.748449787402595308e-12 2.095288882991209983e-10
2.005867779508234156e-03 6.679056032288050224e-12 2.070704224851663869e-10
2.029118018046678195e-03 6.611110886402730979e-12 2.046446675495312778e-10
2.052637752709252084e-03 6.544608086234057856e-12 2.022512588073836104e-10
2.076430107255774777e-03 6.479542252740714892e-12 1.998898395184149356e-10
2.100498241653915316e-03 6.415908895853182882e-12 1.975600608506110945e-10
2.124845352498882720e-03 6.353704419991227124e-12 1.952615818481332860e-10
2.149474673437980470e-03 6.292926130610292031e-12 1.929940694033570873e-10
2.174389475600079814e-03 6.233572241790104537e-12 1.907571982331138886e-10
2.199593068030074750e-03 6.175641884880184105e-12 1.885506508591831300e-10
2.225088798128369450e-03 6.119135118218663204e-12 1.863741175930926773e-10
2.250880052095461867e-03 6.064052937942213941e-12 1.842272965252795248e-10
2.276970255381679901e-03 6.010397289906519591e-12 1.821098935186788869e-10
2.303362873142131284e-03 5.958171082738367184e-12 1.800216222068011841e-10
2.330061410696924844e-03 5.907378202042082738e-12 1.779622039963698705e-10
2.357069413996727789e-03 5.858023525784769965e-12 1.759313680745933332e-10
2.384390470093720581e-03 5.810112940886556438e-12 1.739288514211488272e-10
2.412028207618007077e-03 5.763653361043928574e-12 1.719543988249618852e-10
2.439986297259550199e-03 5.718652745816001761e-12 1.700077629058659907e-10
2.468268452255692556e-03 5.675120121005690050e-12 1.680887041412395511e-10
2.496878428884326609e-03 5.633065600369546808e-12 1.661969908977116791e-10
2.525820026962784671e-03 5.592500408692236907e-12 1.643323994680411098e-10
2.555097090352506824e-03 5.553436906263810285e-12 1.624947141132768724e-10
2.584713507469563968e-03 5.515888614799904853e-12 1.606837271103088199e-10
2.614673211801091940e-03 5.479870244847672403e-12 1.588992388049306704e-10
2.644980182427719966e-03 5.445397724722305311e-12 1.571410576705338745e-10
2.675638444552045497e-03 5.412488231021679250e-12 1.554090003725660001e-10
2.706652070033241288e-03 5.381160220769143421e-12 1.537028918388850290e-10
2.738025177927857611e-03 5.351433465237258108e-12 1.520225653361527945e-10
2.769761935036890721e-03 5.323329085507861082e-12 1.503678625524137410e-10
2.801866556459195207e-03 5.296869589827034345e-12 1.487386336860139700e-10
2.834343306151309184e-03 5.272078912816245594e-12 1.471347375410202983e-10
2.867196497493769945e-03 5.248982456604390468e-12 1.455560416293066492e-10
2.900430493863991651e-03 5.227607133948420614e-12 1.440024222794839429e-10
2.934049709215786998e-03 5.207981413413939859e-12 1.424737647528524391e-10
2.968058608665602276e-03 5.190135366690566943e-12 1.409699633665698094e-10
3.002461709085549064e-03 5.174100718120545186e-12 1.394909216242289894e-10
3.037263579703311511e-03 5.159910896523099864e-12 1.380365523540526334e-10
3.072468842709003348e-03 5.147601089400972341e-12 1.366067778549183578e-10
3.108082173869063970e-03 5.137208299619849426e-12 1.352015300504356578e-10
3.144108303147264728e-03 5.128771404655814519e-12 1.338207506513067790e-10
3.180552015332919948e-03 5.122331218510626676e-12 1.324643913262126419e-10
3.217418150676371654e-03 5.117930556399370625e-12 1.311324138814700602e-10
3.254711605531848163e-03 5.115614302320155091e-12 1.298247904497255457e-10
3.292437333007768984e-03 5.115429479620851272e-12 1.285415036879492855e-10
3.330600343624588386e-03 5.117425324683377297e-12 1.272825469850150826e-10
3.369205705980266984e-03 5.121653363851773079e-12 1.260479246791523871e-10
3.408258547423452002e-03 5.128167493736554191e-12 1.248376522855765007e-10
3.447764054734464220e-03 5.137024065034014673e-12 1.236517567346073017e-10
3.487727474814177487e-03 5.148281970006000328e-12 1.224902766206043903e-10
3.528154115380883159e-03 5.162002733772493516e-12 1.213532624620555250e-10
3.569049345675229679e-03 5.178250609576860465e-12 1.202407769731689678e-10
3.610418597173337477e-03 5.197092678191116543e-12 1.191528953473334180e-10
3.652267364308175480e-03 5.218598951636778586e-12 1.180897055528236286e-10
3.694601205199302477e-03 5.242842481405295407e-12 1.170513086411420880e-10
3.737425742391064371e-03 5.269899471370750809e-12 1.160378190684033730e-10
3.780746663599349276e-03 5.299849395597206726e-12 1.150493650301824454e-10
3.824569722466999305e-03 5.332775121252355075e-12 1.140860888102630960e-10
3.868900739327975347e-03 5.368763036849851763e-12 1.131481471437390472e-10
3.913745601980383668e-03 5.407903186053134115e-12 1.122357115949382471e-10
3.959110266468458469e-03 5.450289407284996871e-12 1.113489689506546970e-10
4.005000757873610970e-03 5.496019479399059529e-12 1.104881216291956750e-10
4.051423171114646934e-03 5.545195273681684876e-12 1.096533881057631144e-10
4.098383671757261509e-03 5.597922912465994018e-12 1.088450033547150235e-10
4.145888496832911101e-03 5.654312934653477688e-12 1.080632193092651015e-10
4.193943955667186335e-03 5.714480468453068584e-12 1.073083053392057920e-10
4.242556430717777174e-03 5.778545411662805198e-12 1.065805487472553343e-10
4.291732378422157684e-03 5.846632619835118182e-12 1.058802552846556598e-10
4.341478330055092809e-03 5.918872102683724290e-12 1.052077496866675620e-10
4.391800892596085977e-03 5.995399229107550757e-12 1.045633762286353022e-10
4.442706749606882902e-03 6.076354941225902264e-12 1.039474993033151601e-10
4.494202662119141725e-03 6.161885977838482600e-12 1.033605040201885440e-10
4.546295469532399616e-03 6.252145107744432613e-12 1.028027968275053664e-10
4.598992090522438167e-03 6.347291373376266767e-12 1.022748061578326474e-10
4.652299523960188969e-03 6.447490345227185461e-12 1.017769830979057626e-10
4.706224849841281720e-03 6.552914387574289041e-12 1.013098020836163397e-10
4.760775230226368428e-03 6.663742936025289355e-12 1.008737616209917080e-10
4.815957910192351227e-03 6.780162787442943575e-12 1.004693850340597080e-10
4.871780218794630885e-03 6.902368402829176291e-12 1.000972212405185317e-10
4.928249570040513054e-03 7.030562223780361320e-12 9.975784555616785137e-11
4.985373463873893699e-03 7.164955003156070608e-12 9.945186052908863440e-11
5.043159487171358993e-03 7.305766150636142764e-12 9.917989680459902613e-11
5.101615314749833284e-03 7.453224093875298640e-12 9.894261402204418853e-11
5.160748710385907809e-03 7.607566656000499986e-12 9.874070174452090356e-11
5.220567527846975073e-03 7.769041450234305585e-12 9.857488042267399150e-11
5.281079711934331088e-03 7.937906292467776075e-12 9.844590239374374199e-11
5.342293299538352150e-03 8.114429632648183408e-12 9.835455291708482389e-11
5.404216420705915298e-03 8.298891005891769370e-12 9.830165124742016664e-11
5.466857299720180412e-03 8.491581504278336163e-12 9.828805174713920112e-11
5.530224256192900478e-03 8.692804270333895491e-12 9.831464503899653218e-11
5.594325706169377133e-03 8.902875013259711750e-12 9.838235920061370863e-11
5.659170163246242738e-03 9.122122549020841679e-12 9.849216100223858420e-11
5.724766239702178301e-03 9.350889365465106038e-12 9.864505718926755746e-11
5.791122647641758041e-03 9.589532213704541679e-12 9.884209581108886609e-11
5.858248200152535966e-03 9.838422727055343443e-12 9.908436759786221272e-11
5.926151812475552276e-03 1.009794806890043953e-11 9.937300738690485140e-11
5.994842503189408769e-03 1.036851161091002834e-11 9.970919560041632869e-11
6.064329395408061575e-03 1.065053364313100611e-11 1.000941597763328674e-10
6.134621717992506419e-03 1.094445211753555153e-11 1.005291761541686851e-10
6.205728806776500406e-03 1.125072342670306947e-11 1.010155713177641720e-10
6.277660105806499857e-03 1.156982321939833684e-11 1.015547238969323529e-10
6.350425168595961664e-03 1.190224725490170320e-11 1.021480663300633648e-10
6.424033659394191159e-03 1.224851229804608832e-11 1.027970866898205068e-10
6.498495354469888304e-03 1.260915705701918515e-11 1.035033305741368876e-10
6.573820143409585606e-03 1.298474316609920590e-11 1.042684030648005872e-10
6.650018030431118291e-03 1.337585621560807476e-11 1.050939707559963312e-10
6.727099135712336607e-03 1.378310683148853802e-11 1.059817638552567336e-10
6.805073696735206880e-03 1.420713180704025586e-11 1.069335783593623197e-10
6.883952069645496441e-03 1.464859528948664358e-11 1.079512783078192259e-10
6.963744730628221996e-03 1.510819002418777133e-11 1.090367981166387143e-10
7.044462277299036630e-03 1.558663865946666967e-11 1.101921449952359699e-10
7.126115430111745405e-03 1.608469511517676123e-11 1.114194014493681924e-10
7.208715033782135163e-03 1.660314601830766508e-11 1.127207278731342429e-10
7.292272058728312828e-03 1.714281220910545857e-11 1.140983652331655081e-10
7.376797602527730875e-03 1.770455032137292278e-11 1.155546378482484624e-10
7.462302891391108146e-03 1.828925444081441455e-11 1.170919562677340896e-10
7.548799281653431614e-03 1.889785784550177243e-11 1.187128202522085019e-10
7.636298261282242067e-03 1.953133483276045997e-11 1.204198218600229685e-10
7.724811451403399733e-03 2.019070263701064421e-11 1.222156486434063747e-10
7.814350607844541483e-03 2.087702344334735368e-11 1.241030869580188729e-10
7.904927622696419562e-03 2.159140650190741789e-11 1.260850253899398085e-10
7.996554525892346499e-03 2.233501034834858638e-11 1.281644583042241060e-10
8.089243486805938743e-03 2.310904513606163953e-11 1.303444895193106439e-10
8.183006815867388886e-03 2.391477508604664084e-11 1.326283361117141870e-10
8.277856966198472027e-03 2.475352106071443526e-11 1.350193323555940029e-10
8.373806535266490117e-03 2.562666326822197225e-11 1.375209338019499199e-10
8.470868266557402340e-03 2.653564410431897711e-11 1.401367215023704455e-10
8.569055051268347975e-03 2.748197113907288972e-11 1.428704063824284822e-10
8.668379930019773361e-03 2.846722025625060574e-11 1.457258337700014059e-10
8.768856094587426653e-03 2.949303895357307563e-11 1.487069880839819051e-10
8.870496889654402514e-03 3.056114981251854531e-11 1.518179976890362022e-10
8.973315814583519498e-03 3.167335414684107288e-11 1.550631399222709061e-10
9.077326525210224414e-03 3.283153583948557566e-11 1.584468462978739760e-10
9.182542835656282154e-03 3.403766537813046509e-11 1.619737078960128817e-10
9.288978720164497299e-03 3.529380410016704895e-11 1.656484809424968724e-10
9.396648314954691300e-03 3.660210865853938195e-11 1.694760925859378187e-10
9.505565920101191960e-03 3.796483572051815084e-11 1.734616468793865609e-10
9.615746001432095430e-03 3.938434691217144827e-11 1.776104309736682734e-10
9.727203192450536648e-03 4.086311402202358953e-11 1.819279215298966251e-10
9.839952296278226679e-03 4.240372447816711537e-11 1.864197913589127403e-10
9.954008287621518916e-03 4.400888711391197494e-11 1.910919162956693805e-10
1.006938631476027128e-02 4.568143823792369850e-11 1.959503823168678253e-10
1.018610170155975249e-02 4.742434802572250474e-11 2.010014929104481148e-10
1.030416994950587514e-02 4.924072725039100518e-11 2.062517767058382084e-10
1.042360673976401239e-02 5.113383437137229252e-11 2.117079953741897527e-10
1.054442793526168438e-02 5.310708300133689921e-11 2.173771518081488603e-10
1.066664958279538861e-02 5.516404977226080036e-11 2.232664985910565328e-10
1.079028791516183604e-02 5.730848262308931546e-11 2.293835467658193519e-10
1.091535935331391059e-02 5.954430953267327722e-11 2.357360749140644074e-10
1.104188050854160164e-02 6.187564772304999713e-11 2.423321385565585602e-10
1.116986818467822530e-02 6.430681335961847497e-11 2.491800798862734775e-10
1.129933938033221737e-02 6.684233177632099270e-11 2.562885378458784906e-10
1.143031129114478565e-02 6.948694825560611793e-11 2.636664585618626280e-10
1.156280131207375328e-02 7.224563939471013391e-11 2.713231061479261787e-10
1.169682703970384603e-02 7.512362509166915088e-11 2.792680738907255332e-10
1.183240627458377950e-02 7.812638118646035639e-11 2.875112958315303439e-10
1.196955702359042868e-02 8.125965279478792748e-11 2.960630587578292771e-10
1.210829750232039412e-02 8.452946837426981799e-11 3.049340146194234526e-10
1.224864613750930795e-02 8.794215456517172053e-11 3.141351933840665995e-10
1.239062156947915577e-02 9.150435185036554659e-11 3.236780163482469208e-10
1.253424265461399421e-02 9.522303108188761735e-11 3.335743099192656065e-10
1.267952846786433996e-02 9.910551092433568994e-11 3.438363198853384663e-10
1.282649830528059809e-02 1.031594762683880720e-10 3.544767261910503231e-10
1.297517168657586796e-02 1.073929976709702632e-10 3.655086582361135365e-10
1.312556835771842845e-02 1.118145518820358152e-10 3.769457107160119776e-10
1.327770829355429116e-02 1.164330435215939712e-10 3.888019600237904752e-10
1.343161170046015297e-02 1.212578279745139350e-10 4.010919812329346625e-10
1.358729901902709127e-02 1.262987355747825199e-10 4.138308656819936994e-10
1.374479092677536630e-02 1.315660971553021584e-10 4.270342391823458094e-10
1.390410834090069665e-02 1.370707710440161518e-10 4.407182808712740891e-10
1.406527242105236331e-02 1.428241715921405646e-10 4.548997427333091263e-10
1.422830457214351897e-02 1.488382993256041969e-10 4.695959698136154760e-10
1.439322644719406505e-02 1.551257728164583360e-10 4.848249211480709420e-10
1.456005995020648487e-02 1.616998623770451622e-10 5.006051914355447266e-10
1.472882723907501835e-02 1.685745256861319335e-10 5.169560334788203947e-10
1.489955072852853710e-02 1.757644454630452342e-10 5.338973814215434860e-10
1.507225309310755539e-02 1.832850693131187629e-10 5.514498748095716025e-10
1.524695727017572923e-02 1.911526518755062285e-10 5.696348835061103378e-10
1.542368646296627364e-02 1.993842994126600843e-10 5.884745334910902901e-10
1.560246414366367983e-02 2.079980169895534760e-10 6.079917335763228642e-10
1.578331405652116590e-02 2.170127584000735656e-10 6.282102030691235955e-10
1.596626022101425152e-02 2.264484790079582383e-10 6.491545004182528797e-10
1.615132693503091438e-02 2.363261916802533587e-10 6.708500528772645567e-10
1.633853877809861993e-02 2.466680260025296968e-10 6.933231872215839545e-10
1.652792061464895476e-02 2.574972909771294992e-10 7.166011615570131144e-10
1.671949759731990170e-02 2.688385414184499700e-10 7.407121982586306422e-10
1.691329517029648705e-02 2.807176482729055219e-10 7.656855180805483458e-10
1.710933907269015022e-02 2.931618731056502358e-10 7.915513754783981964e-10
1.730765534195725930e-02 3.061999470115362114e-10 8.183410951879560180e-10
1.750827031735725098e-02 3.198621542241504982e-10 8.460871101048762346e-10
1.771121064345088786e-02 3.341804207141694782e-10 8.748230005121444397e-10
1.791650327363901452e-02 3.491884080867610326e-10 9.045835347035379750e-10
1.812417547374237797e-02 3.649216131074244847e-10 9.354047110531431825e-10
1.833425482562290806e-02 3.814174732065248668e-10 9.673238015827903500e-10
1.854676923084699544e-02 3.987154783349528637e-10 1.000379397081149515e-09
1.876174691439121481e-02 4.168572895668585772e-10 1.034611453830196810e-09
1.897921642839101378e-02 4.358868648703766360e-10 1.070061341996763848e-09
1.919920665593284614e-02 4.558505924937179616e-10 1.106771895749003730e-09
1.942174681489026306e-02 4.767974324420543810e-10 1.144787465159789490e-09
1.964686646180446514e-02 4.987790665503239070e-10 1.184153969961290836e-09
1.987459549580983947e-02 5.218500576885409416e-10 1.224918955217368530e-09
2.010496416260499145e-02 5.460680186694220064e-10 1.267131648982803237e-09
2.033800305846981960e-02 5.714937914633283985e-10 1.310843022020960027e-09
2.057374313432913659e-02 5.981916373626049735e-10 1.356105849654044225e-09
2.081221569986339143e-02 6.262294387765807505e-10 1.402974775822864837e-09
2.105345242766706176e-02 6.556789133797831152e-10 1.451506379435830861e-09
2.129748535745520921e-02 6.866158413793659924e-10 1.501759243089813359e-09
2.154434690031884619e-02 7.191203067135066121e-10 1.553794024248560499e-09
2.179406984302955860e-02 7.532769530405377445e-10 1.607673528967481210e-09
2.204668735239409885e-02 7.891752554290126912e-10 1.663462788256900889e-09
2.230223297965938656e-02 8.269098087116982210e-10 1.721229137179258230e-09
2.256074066496861416e-02 8.665806335217661609e-10 1.781042296779256886e-09
2.282224474186898486e-02 9.082935010871641538e-10 1.842974458949616394e-09
2.308677994187169694e-02 9.521602779193646407e-10 1.907100374338873700e-09
2.335438139906479207e-02 9.982992915953157257e-10 1.973497443411592730e-09
2.362508465477947475e-02 1.046835718896540687e-09 2.042245810775467145e-09
2.389892566231050300e-02 1.097901997636757108e-09 2.113428462894015425e-09
2.417594079169130966e-02 1.151638263579182872e-09 2.187131329307937277e-09
2.445616683452446483e-02 1.208192813916614637e-09 2.263443387492860849e-09
2.473964100886814205e-02 1.267722598861410954e-09 2.342456771485857171e-09
2.502640096417919208e-02 1.330393742968355523e-09 2.424266884418076810e-09
2.531648478631355614e-02 1.396382097890978887e-09 2.508972515095988941e-09
2.560993100258459471e-02 1.465873828350844766e-09 2.596675958778977570e-09
2.590677858688008803e-02 1.539066033179433125e-09 2.687483142306627297e-09
2.620706696483852613e-02 1.616167403373067808e-09 2.781503753734682743e-09
2.651083601908538895e-02 1.697398919182555612e-09 2.878851376644708714e-09
2.681812609453015570e-02 1.782994588340341549e-09 2.979643629298612569e-09
2.712897800372467139e-02 1.873202227608424302e-09 3.084002308815603769e-09
2.744343303228365463e-02 1.968284289909626003e-09 3.192053540555916249e-09
2.776153294436800936e-02 2.068518739382250744e-09 3.303927932902460826e-09
2.808331998823172457e-02 2.174199976773077970e-09 3.419760737638867303e-09
2.840883690183304208e-02 2.285639817655247783e-09 3.539692016129809796e-09
2.873812691851066262e-02 2.403168526025080297e-09 3.663866811517339316e-09
2.907123377272578454e-02 2.527135905894323979e-09 3.792435327155024228e-09
2.940820170587063812e-02 2.657912453550808780e-09 3.925553111510069859e-09
2.974907547214440673e-02 2.795890573210138450e-09 4.063381249772452197e-09
3.009390034449721182e-02 2.941485858822650783e-09 4.206086562419035810e-09
3.044272212064302874e-02 3.095138444832745864e-09 4.353841810990237277e-09
3.079558712914226559e-02 3.257314428710460870e-09 4.506825911346546657e-09
3.115254223555487950e-02 3.428507368087272893e-09 4.665224154682470329e-09
3.151363484866478992e-02 3.609239855328334986e-09 4.829228436586096530e-09
3.187891292677645649e-02 3.800065172361224158e-09 4.999037494443500433e-09
3.224842498408442282e-02 4.001569028555991102e-09 5.174857153498825902e-09
3.262222009711669701e-02 4.214371384412549629e-09 5.356900581892636885e-09
3.300034791125285027e-02 4.439128363759331041e-09 5.545388555013867570e-09
3.338285864731761060e-02 4.676534257101474486e-09 5.740549729513369470e-09
3.376980310825091619e-02 4.927323618679075586e-09 5.942620927340732727e-09
3.416123268585528200e-02 5.192273459706870773e-09 6.151847430180033314e-09
3.455719936762139538e-02 5.472205540168627026e-09 6.368483284674745105e-09
3.495775574363275268e-02 5.767988761435156203e-09 6.592791618847221368e-09
3.536295501355042614e-02 6.080541661868426599e-09 6.825044970134153651e-09
3.577285099367873145e-02 6.410835017470250393e-09 7.065525625475618050e-09
3.618749812411280187e-02 6.759894549539679069e-09 7.314525973912747526e-09
3.660695147596902677e-02 7.128803741225996795e-09 7.572348872166770608e-09
3.703126675869927026e-02 7.518706764814337600e-09 7.839308023690833738e-09
3.746050032748993175e-02 7.930811521570631506e-09 8.115728371705447519e-09
3.789470919074667404e-02 8.366392796015694078e-09 8.401946506748448023e-09
3.833395101766601254e-02 8.826795526613045188e-09 8.698311089291683193e-09
3.877828414589457040e-02 9.313438195060583091e-09 9.005183287998233767e-09
3.922776758927719321e-02 9.827816336697177741e-09 9.322937234217141641e-09
3.968246104569481819e-02 1.037150617499825911e-08 9.651960493336183341e-09
4.014242490499322219e-02 1.094616838377159977e-08 9.992654553638324585e-09
4.060772025700365440e-02 1.155355198151123769e-08 1.034543533333309479e-08
4.107840889965647113e-02 1.219549836346493557e-08 1.071073370646138593e-08
4.155455334718875099e-02 1.287394547836413238e-08 1.108899604840016864e-08
4.203621683844713935e-02 1.359093215850687906e-08 1.148068480172301802e-08
4.252346334528681743e-02 1.434860261402921714e-08 1.188627906320301867e-08
4.301635758106794882e-02 1.514921110481314063e-08 1.230627519277660016e-08
4.351496500925049887e-02 1.599512680662516019e-08 1.274118744532002296e-08
4.401935185208874501e-02 1.688883889183479081e-08 1.319154862612533661e-08
4.452958509942655380e-02 1.783296184950336756e-08 1.365791077099859803e-08
4.504573251759458330e-02 1.883024107484507986e-08 1.414084585194150575e-08
4.556786265841063915e-02 1.988355876413022881e-08 1.464094650941658078e-08
4.609604486828433600e-02 2.099594015811580134e-08 1.515882681223809878e-08
4.663034929742731344e-02 2.217056018513982196e-08 1.569512304617347202e-08
4.717084690917017209e-02 2.341075056419428635e-08 1.625049453238529928e-08
4.771760948938745528e-02 2.472000743868254685e-08 1.682562447689135202e-08
4.827070965603182801e-02 2.610199962324882195e-08 1.742122085226874405e-08
4.883022086877879947e-02 2.756057755911120380e-08 1.803801731288032017e-08
4.939621743878321036e-02 2.909978308778586218e-08 1.867677414495473003e-08
4.996877453854883799e-02 3.072386016899545362e-08 1.933827925290825920e-08
5.054796821191240297e-02 3.243726668591219950e-08 2.002334918335476249e-08
5.113387538414326111e-02 3.424468749967016461e-08 2.073283018831190145e-08
5.172657387216018920e-02 3.615104893522210615e-08 2.146759932917599400e-08
5.232614239486661767e-02 3.816153490198987908e-08 2.222856562310500795e-08
5.293266058360561466e-02 4.028160487518285226e-08 2.301667123351957326e-08
5.354620899273607876e-02 4.251701398687693904e-08 2.383289270650560969e-08
5.416686911033152113e-02 4.487383549961671844e-08 2.467824225497906446e-08
5.479472336900287344e-02 4.735848595898100912e-08 2.555376909255407340e-08
5.542985515684668851e-02 4.997775334468648875e-08 2.646056081913991725e-08
5.607234882852032976e-02 5.273882856171466161e-08 2.739974486038134440e-08
5.672228971644543288e-02 5.564934063281069828e-08 2.837248996314844022e-08
5.737976414214134013e-02 5.871739597055439791e-08 2.938000774938027367e-08
5.804485942768977669e-02 6.195162211989469771e-08 3.042355433068731235e-08
5.871766390733255264e-02 6.536121636927302776e-08 3.150443198622490911e-08
5.939826693920356032e-02 6.895599962873279229e-08 3.262399090646136609e-08
6.008675891719687107e-02 7.274647596506256561e-08 3.378363100558122397e-08
6.078323128297229844e-02 7.674389816519292091e-08 3.498480380538763802e-08
6.148777653810023197e-02 8.096033966775031483e-08 3.622901439369582923e-08
6.220048825634711537e-02 8.540877315670991409e-08 3.751782346034522663e-08
6.292146109610344262e-02 9.010315604821783326e-08 3.885284941409943800e-08
6.365079081295571539e-02 9.505852301953609483e-08 4.023577058385209120e-08
6.438857427240420039e-02 1.002910856253870551e-07 4.166832750771241676e-08
6.513490946272802729e-02 1.058183389194792486e-07 4.315232531370897118e-08
6.588989550799949357e-02 1.116591748456474429e-07 4.468963619602164340e-08
6.665363268124913088e-02 1.178340019820908669e-07 4.628220199083280261e-08
6.742622241778342684e-02 1.243648710123989717e-07 4.793203685607908730e-08
6.820776732865685421e-02 1.312756050578105415e-07 4.964123005958409739e-08
6.899837121430017761e-02 1.385919337367570625e-07 5.141194888026332763e-08
6.979813907830660635e-02 1.463416295215839153e-07 5.324644162731180409e-08
7.060717714137772216e-02 1.545546446412612504e-07 5.514704078251750188e-08
7.142559285543126357e-02 1.632632464373910750e-07 5.711616627108878536e-08
7.225349491787214085e-02 1.725021487254384553e-07 5.915632886663814929e-08
7.309099328602911005e-02 1.823086363528261988e-07 6.127013373623739627e-08
7.393819919175866062e-02 1.927226797919508958e-07 6.346028413174138846e-08
7.479522515621821188e-02 2.037870362740728578e-07 6.572958523387806252e-08
7.566218500481054765e-02 2.155473336774918463e-07 6.808094815591736073e-08
7.653919388230147336e-02 2.280521331522036569e-07 7.051739411406232548e-08
7.742636826811269413e-02 2.413529663189289611e-07 7.304205877205718914e-08
7.832382599179196769e-02 2.555043428524642872e-07 7.565819676787379868e-08
7.923168624866253062e-02 2.705637243810215368e-07 7.836918643072659500e-08
8.015006961565404597e-02 2.865914609413417308e-07 8.117853469707689998e-08
8.107909806731686264e-02 3.036506867636196800e-07 8.408988223471561168e-08
8.201889499202202893e-02 3.218071729624554862e-07 8.710700878447300254e-08
8.296958520834907258e-02 3.411291358227451479e-07 9.023383872958048071e-08
8.393129498166364277e-02 3.616870008343858732e-07 9.347444690321866461e-08
8.490415204088747059e-02 3.835531244855701801e-07 9.683306464532024143e-08
8.588828559546249353e-02 4.068014781040596696e-07 1.003140861202597808e-07
8.688382635251183650e-02 4.315073007628824245e-07 1.039220749076625593e-07
8.789090653419955046e-02 4.577467314517504438e-07 1.076617708791890320e-07
8.890965989529157898e-02 4.855964343509407208e-07 1.115380973748238818e-07
8.994022174092043687e-02 5.151332351000942175e-07 1.155561686928973889e-07
9.098272894455558535e-02 5.464337903715366430e-07 1.197212979088126808e-07
9.203731996618221001e-02 5.795743177428541787e-07 1.240390050382398134e-07
9.310413487069074678e-02 6.146304176824061871e-07 1.285150255613691744e-07
9.418331534647951531e-02 6.516770242335360102e-07 1.331553193256963403e-07
9.527500472427290201e-02 6.907885254760075322e-07 1.379660798457447439e-07
9.637934799615785475e-02 7.320390987683631669e-07 1.429537440191173966e-07
9.749649183484086767e-02 7.755033087861801530e-07 1.481250022793145326e-07
9.862658461312820424e-02 8.212570180647383235e-07 1.534868092068588909e-07
9.976977642363200893e-02 8.693786596729480619e-07 1.590463946214475660e-07
1.009262190987048335e-01 9.199509192856590299e-07 1.648112751790867707e-07
1.020960662306047567e-01 9.730628687499846043e-07 1.707892664994847877e-07
1.032794731918952463e-01 1.028812584713620721e-06 1.769884958503828487e-07
1.044765971560805279e-01 1.087310273472634906e-06 1.834174154169714538e-07
1.056875971184805113e-01 1.148681906431622915e-06 1.900848161861270119e-07
1.069126339173477186e-01 1.213073349079338262e-06 1.969998424768638657e-07
1.081518702552289185e-01 1.280654939953657023e-06 2.041720071501744507e-07
1.094054707205743548e-01 1.351626444707268599e-06 2.116112075333088689e-07
1.106736018095974550e-01 1.426222274388634081e-06 2.193277420955464091e-07
1.119564319483879467e-01 1.504716817090291473e-06 2.273323279146413523e-07
1.132541315152812700e-01 1.587429689306434978e-06 2.356361189753745169e-07
1.145668728634872680e-01 1.674730669326705908e-06 2.442507253440575466e-07
1.158948303439811811e-01 1.767044032006860160e-06 2.531882332653808241e-07
1.172381803286599716e-01 1.864851965171109821e-06 2.624612262307234462e-07
1.185971012337670577e-01 1.968696716243392209e-06 2.720828070699345903e-07
1.199717735435885529e-01 2.079181097637163034e-06 2.820666211216776680e-07
1.213623798344241750e-01 2.196966975673130357e-06 2.924268805407143776e-07
1.227691047988360429e-01 2.322771385469653387e-06 3.031783898039986691e-07
1.241921352701784581e-01 2.457359958670629213e-06 3.143365724811821062e-07
1.256316602474121524e-01 2.601537427207680115e-06 3.259174993391076052e-07
1.270878709202059587e-01 2.756135079133117632e-06 3.379379178541001484e-07
1.285609606943296512e-01 2.921995195396649197e-06 3.504152832103999920e-07
1.300511252173409960e-01 3.099952691011803387e-06 3.633677908678934440e-07
1.315585624045705337e-01 3.290814419630501052e-06 3.768144107874632444e-07
1.330834724654076096e-01 3.495336873110152449e-06 3.907749234077830108e-07
1.346260579298911020e-01 3.714203309140789990e-06 4.052699574732529031e-07
1.361865236756082675e-01 3.948001657501074745e-06 4.203210298190706111e-07
1.377650769549055021e-01 4.197204870698696627e-06 4.359505872261436037e-07
1.393619274224143501e-01 4.462155673492768890e-06 4.521820504657450777e-07
1.409772871628967583e-01 4.743057898180899040e-06 4.690398606614993716e-07
1.426113707194129887e-01 5.039976733402660204e-06 4.865495281045228145e-07
1.442643951218158804e-01 5.352850224366261166e-06 5.047376836663578727e-07
1.459365799155757648e-01 5.681514200633199897e-06 5.236321329637867402e-07
1.476281471909391130e-01 6.025742433624461324e-06 5.432619134397281149e-07
1.493393216124253298e-01 6.385303204474439947e-06 5.636573545352727200e-07
1.510703304486655518e-01 6.760032568250450756e-06 5.848501411395469654e-07
1.528214036025870859e-01 7.149923423078494423e-06 6.068733805165868254e-07
1.545927736419478449e-01 7.555228044744322343e-06 6.297616729217968127e-07
1.563846758302247786e-01 7.976570070075017532e-06 6.535511861349623519e-07
1.581973481578601570e-01 8.415060082094589811e-06 6.782797341522495110e-07
1.600310313738701751e-01 8.872407082795555393e-06 7.039868602962178352e-07
1.618859690178199306e-01 9.351016394128966577e-06 7.307139250207679313e-07
1.637624074521689121e-01 9.854063104807055757e-06 7.585041987071186725e-07
1.656605958949915192e-01 1.038552931578050154e-05 7.874029597676140894e-07
1.675807864530768909e-01 1.095019339058760513e-05 8.174575983964002335e-07
1.695232341554121502e-01 1.155356045254513253e-05 8.487177263299742334e-07
1.714881969870540868e-01 1.220172573091569466e-05 8.812352930064692606e-07
1.734759359233932485e-01 1.290116622757998360e-05 9.150647085403345144e-07
1.754867149648152158e-01 1.365846164076415792e-05 9.502629739591302124e-07
1.775208011717636092e-01 1.447995248550488137e-05 9.868898191815484329e-07
1.795784647002096890e-01 1.537135164470927769e-05 1.025007849250739881e-06
1.816599788375328484e-01 1.633733469324541828e-05 1.064682699374790664e-06
1.837656200388172456e-01 1.738114352730858039e-05 1.105983199367032947e-06
1.858956679635688225e-01 1.850424610762073399e-05 1.148981548122954998e-06
1.880504055128583429e-01 1.970610125809467309e-05 1.193753498818234451e-06
1.902301188668945875e-01 2.098408005411485792e-05 1.240378555564024674e-06
1.924350975230332272e-01 2.233359293753528081e-05 1.288940182311533131e-06
1.946656343342263173e-01 2.374846297612595643e-05 1.339526024858515969e-06
1.969220255479173509e-01 2.522156964483639554e-05 1.392228146875884178e-06
1.992045708453871189e-01 2.674576373700664992e-05 1.447143280943827174e-06
2.015135733815558439e-01 2.831502297266195949e-05 1.504373095664036847e-06
2.038493398252464173e-01 2.992578113851205749e-05 1.564024479998402123e-06
2.062121803999144576e-01 3.157832406988189986e-05 1.626209846075568811e-06
2.086024089248504909e-01 3.327810776610679765e-05 1.691047451805659262e-06
2.110203428568596662e-01 3.503682301276238022e-05 1.758661744750916863e-06
2.134663033324245562e-01 3.687301361958251003e-05 1.829183728817053535e-06
2.159406152103567622e-01 3.881205866086299885e-05 1.902751355457373075e-06
2.184436071149428449e-01 4.088535922669559618e-05 1.979509941220349500e-06
2.209756114795903281e-01 4.312863167481179321e-05 2.059612613622478644e-06
2.235369645909796588e-01 4.557930356171315228e-05 2.143220787492905194e-06
2.261280066337279515e-01 4.827313209553665423e-05 2.230504674116076001e-06
2.287490817355704031e-01 5.124030907515510154e-05 2.321643825694808826e-06
2.314005380130653988e-01 5.450146536564405623e-05 2.416827717870526200e-06
2.340827276178294447e-01 5.806412019470406867e-05 2.516256373271520202e-06
2.367960067833078663e-01 6.192020914743131079e-05 2.620141029316334813e-06
2.395407358720879343e-01 6.604534070794445080e-05 2.728704853779590858e-06
2.423172794237600791e-01 7.040034769174739933e-05 2.842183711934530993e-06
2.451260062033339682e-01 7.493549787121457867e-05 2.960826989422852036e-06
2.479672892502160220e-01 7.959740273537243942e-05 3.084898475371124067e-06
2.508415059277541159e-01 8.433823049994220366e-05 3.214677310677609384e-06
2.537490379733571833e-01 8.912633057767875653e-05 3.350459006837501385e-06
2.566902715491952147e-01 9.395688041531356284e-05 3.492556541162395308e-06
2.596655972934872603e-01 9.886076481925280975e-05 3.641301534786309189e-06
2.626754103723838440e-01 1.039097004363792777e-04 3.797045520440600048e-06
2.657201105324506485e-01 1.092157303163442551e-04 3.960161307629626843e-06
2.688001021537607671e-01 1.149237177209003278e-04 4.131044453554741490e-06
2.719157943036019098e-01 1.211963959388229163e-04 4.310114848922866222e-06
2.750676007908067211e-01 1.281928358305561432e-04 4.497818428646302113e-06
2.782559402207125943e-01 1.360427319547822221e-04 4.694629018400981939e-06
2.814812360507581435e-01 1.448204352993373058e-04 4.901050329071781058e-06
2.847439166467247706e-01 1.545238429193026056e-04 5.117618112286928582e-06
2.880444153396297668e-01 1.650637159144941249e-04 5.344902491541662422e-06
2.913831704832788860e-01 1.762683896006814557e-04 5.583510484848675671e-06
2.947606255124858854e-01 1.879069394230706649e-04 5.834088736445568532e-06
2.981772290019673588e-01 1.997306757695473220e-04 6.097326476855517630e-06
3.016334347259197468e-01 2.115286775855738564e-04 6.373958732556991178e-06
3.051297017182870719e-01 2.231886127731281427e-04 6.664769808694836242e-06
3.086664943337274480e-01 2.347503291255137491e-04 6.970597070683708453e-06
3.122442823092858033e-01 2.464378149143526989e-04 7.292335053245082668e-06
3.158635408267819189e-01 2.586562457877272596e-04 7.630939928413550352e-06
3.195247505759213347e-01 2.719456869037311601e-04 7.987434367383837859e-06
3.232283978181380579e-01 2.868915909770542957e-04 8.362912834788612004e-06
3.269749744511767919e-01 3.040034711771080820e-04 8.758547358145795685e-06
3.307649780744242318e-01 3.235848380579953664e-04 9.175593819846672534e-06
3.345989120549974771e-01 3.456265334612692187e-04 9.615398824231554512e-06
3.384772855945982761e-01 3.697584606193710208e-04 1.007940719808791404e-05
3.424006137971425390e-01 3.952884439027826830e-04 1.056917018938288740e-05
3.463694177371734462e-01 4.213402983363308740e-04 1.108635443629555834e-05
3.503842245290675894e-01 4.470776635865684957e-04 1.163275178674383304e-05
3.544455673970435816e-01 4.719706511619465162e-04 1.221029005771829542e-05
3.585539857459816848e-01 4.960368547960179774e-04 1.282104483396766234e-05
3.627100252330648367e-01 5.199764015642329394e-04 1.346725241707330846e-05
3.669142378402494020e-01 5.451310684252351187e-04 1.415132404886546304e-05
3.711671819475766965e-01 5.732342063352500409e-04 1.487586154765852122e-05
3.754694224073336639e-01 6.059777639116080720e-04 1.564367451212595519e-05
3.798215306190736440e-01 6.444920899558513432e-04 1.645779926603641721e-05
3.842240846055061110e-01 6.888920277074501346e-04 1.732151973780052576e-05
3.886776690892667641e-01 7.380640560437622686e-04 1.823839049213828953e-05
3.931828755705770173e-01 7.898334039856564357e-04 1.921226215751539043e-05
3.977403024058036585e-01 8.415511094846732333e-04 2.024730952270238822e-05
4.023505548869293347e-01 8.909954556714874165e-04 2.134806260932334805e-05
4.070142453219439127e-01 9.373314868398792974e-04 2.251944106507421629e-05
4.117319931161679269e-01 9.817752732591597097e-04 2.376679226496026338e-05
4.165044248545184957e-01 1.027624603041983956e-03 2.509593355604642831e-05
4.213321743847289191e-01 1.079477124618044960e-03 2.651319913552514565e-05
4.262158829015325057e-01 1.141742216789318979e-03 2.802549211314699589e-05
4.311561990318228399e-01 1.216882928802579195e-03 2.964034237807530037e-05
4.361537789208005944e-01 1.304067694460254610e-03 3.136597096793154765e-05
4.412092863191189873e-01 1.398927757114089201e-03 3.321136172519291446e-05
4.463233926710397093e-01 1.494819589362833372e-03 3.518634112424042545e-05
4.514967772036102001e-01 1.585414623879426036e-03 3.730166726234225707e-05
4.567301270168747096e-01 1.667763320566884293e-03 3.956912913082118226e-05
4.620241371751312998e-01 1.744505795395359096e-03 4.200165741969127665e-05
4.673795107992463338e-01 1.823934662485249530e-03 4.461344826117172671e-05
4.727969591600390542e-01 1.917315213888462011e-03 4.742010148551137029e-05
4.782772017727485170e-01 2.034096611752648966e-03 5.043877514698005783e-05
4.838209664925957054e-01 2.176931012657598065e-03 5.368835827867054393e-05
4.894289896114531468e-01 2.339074523516016142e-03 5.718966405107581618e-05
4.951020159556351330e-01 2.506193554160735405e-03 6.096564573926416031e-05
5.008407989848212560e-01 2.662739903449452307e-03 6.504163814316739399e-05
5.066461008921268050e-01 2.800515825079095272e-03 6.944562734894992560e-05
5.125186927053332342e-01 2.925095965857442588e-03 7.420855195721145472e-05
5.184593543892912493e-01 3.055788360218178023e-03 7.936463912187712022e-05
5.244688749495118874e-01 3.217468482749015913e-03 8.495177892172896294e-05
5.305480525369574707e-01 3.427145805607018092e-03 9.101194069579846501e-05
5.366976945540475885e-01 3.682259327564462326e-03 9.759163497399110621e-05
5.429186177618943177e-01 3.958603762806728148e-03 1.047424244698033218e-04
5.492116483887788947e-01 4.221748770804482735e-03 1.125214871971126114e-04
5.555776222398878250e-01 4.447892694603584017e-03 1.209922340256592400e-04
5.620173848083187540e-01 4.642477649665618933e-03 1.302249817636269840e-04
5.685317913873753071e-01 4.843101673209190480e-03 1.402976809705185285e-04
5.751217071841613349e-01 5.100585987400358887e-03 1.512966949237836475e-04
5.817880074344935482e-01 5.446182991647073417e-03 1.633176221844912467e-04
5.885315775191450882e-01 5.865491188332678900e-03 1.764661496439806794e-04
5.953533130814370189e-01 6.300447550533011358e-03 1.908589153015882061e-04
6.022541201461928395e-01 6.685149740690889304e-03 2.066243497324339639e-04
6.092349152400711176e-01 6.996173050993414848e-03 2.239034515530619919e-04
6.162966255132942273e-01 7.280833151117685649e-03 2.428504343840508586e-04
6.234401888627864041e-01 7.634581721826301515e-03 2.636331599912623597e-04
6.306665540567405470e-01 8.133274700465957172e-03 2.864332436470776655e-04
6.379766808606281980e-01 8.766415236572906722e-03 3.114456826798568017e-04
6.453715401646702432e-01 9.429729456020571540e-03 3.388778175483489669e-04
6.528521141127847649e-01 9.998950843448432130e-03 3.689473873849171163e-04
6.604193962330304757e-01 1.043876762291333013e-02 4.018793911618093293e-04
6.680743915695614987e-01 1.085507811473129282e-02 4.379014162680279487e-04
6.758181168161110364e-01 1.142661899997403363e-02 4.772370567399652499e-04
6.836516004510237998e-01 1.225105015124385195e-02 5.200970269077820644e-04
6.915758828738525210e-01 1.323523013240515862e-02 5.666676020081269161e-04
6.995920165435374205e-01 1.415130243377470814e-02 6.170961109828558555e-04
7.077010661181889484e-01 1.484334262291728962e-02 6.714733990705207831e-04
7.159041085964887863e-01 1.540647588708144930e-02 7.298135008598548388e-04
7.242022334607315370e-01 1.613998589093880096e-02 7.920312427350862695e-04
7.325965428215229780e-01 1.726818541181956643e-02 8.579191300727337897e-04
7.410881515641569717e-01 1.868096716105738242e-02 9.271256313725859382e-04
7.496781874966876869e-01 1.999382969857440781e-02 9.991377496671896390e-04
7.583677914997191127e-01 2.093852939711020322e-02 1.073271397497995014e-03
7.671581176779301847e-01 2.170558727150885894e-02 1.148673324981642737e-03
7.760503335133570602e-01 2.281306285642141496e-02 1.224337926573293824e-03
7.850456200204509738e-01 2.454416644815027651e-02 1.299140967877524498e-03
7.941451719029339884e-01 2.655228228325214046e-02 1.371890101422125214e-03
8.033501977124734017e-01 2.818170956881959482e-02 1.441389228596233474e-03
8.126619200091945716e-01 2.926350663290875481e-02 1.506510865719352509e-03
8.220815755240540312e-01 3.044319179024940550e-02 1.566268437633022703e-03
8.316104153230962082e-01 3.247789737343273475e-02 1.619879572914270996e-03
8.412497049736118448e-01 3.522267703790788601e-02 1.666812416068466293e-03
8.510007247122246543e-01 3.766397295786855920e-02 1.706809592059854372e-03
8.608647696149244188e-01 3.921074100982444716e-02 1.739888125580775361e-03
8.708431497690723999e-01 4.065251344379539056e-02 1.766317396627714066e-03
8.809371904473990433e-01 4.326427369814750401e-02 1.786580204290111806e-03
8.911482322840201808e-01 4.697375651197756991e-02 1.801323641811686553e-03
9.014776314524917122e-01 5.022196502713582172e-02 1.811306648160464911e-03
9.119267598459298574e-01 5.215197293470297257e-02 1.817350083338510483e-03
9.224970052592174063e-01 5.414255019194465918e-02 1.820293479279208940e-03
9.331897715733238341e-01 5.799230749695136189e-02 1.820960760163015373e-03
9.440064789417603741e-01 6.300403613044967821e-02 1.820135591911480619e-03
9.549485639791965852e-01 6.671118672690265483e-02 1.818545817005996898e-03
9.660174799522646127e-01 6.885062291353100106e-02 1.816855703112822554e-03
9.772146969725724608e-01 7.227496784121648088e-02 1.815664420885731685e-03
9.885417021919573610e-01 7.841615597506784718e-02 1.815509157480233804e-03
1.000000000000000000e+00 8.440116790624449528e-02 1.816871452239322881e-03
